PartcipantID:jj\
instanceNumber;v;l;id;type;sol
1;1,3,4,2,3,4,1,3,4,1,3,4,1,3,4,1,2,3,1,3,4,1,3,4,1,3,4,2,3,4,1,2,3,1,2,4;0,0,1,0,0,0,1,1,0,0,0,0,0,1,1,0,0,0,1,0,0,1,0,1,0,1,0,0,1,0,1,0,1,0,1,1;;3.0;1
2;2,3,4,1,2,3,1,3,4,1,3,4,1,2,4,1,2,3,1,3,4,1,2,4,1,2,3,2,3,4,2,3,4,1,2,4;1,1,1,0,1,1,1,1,0,0,0,0,0,1,0,1,0,0,0,1,1,0,0,0,0,0,1,1,1,0,0,1,0,0,0,1;;3.0;1
3;1,3,4,2,3,4,1,2,3,2,3,4,1,2,3,1,2,4,2,3,4,1,3,4,2,3,4,2,3,4,1,2,4,1,3,4;0,1,0,1,0,1,0,1,1,1,0,0,1,0,0,1,0,0,1,1,1,1,0,1,1,1,0,0,1,0,0,0,1,0,0,1;;3.0;1
4;1,2,3,1,2,4,1,2,3,1,2,4,1,2,3,1,2,3,1,2,3,1,3,4,1,2,3,1,3,4,2,3,4,1,3,4,1,3,4,1,2,4;0,1,1,0,1,0,1,0,1,1,1,0,1,1,0,1,0,0,0,0,0,1,0,0,1,1,1,1,0,1,1,1,0,1,1,0,0,0,0,0,1,1;;3.5;1
5;1,2,4,1,2,3,1,3,4,1,2,4,1,2,3,1,2,3,1,3,4,1,2,4,1,2,3,2,3,4,1,3,4,1,3,4,2,3,4,1,2,4;1,1,1,1,0,1,0,0,0,1,1,0,1,1,0,1,0,0,1,1,1,0,0,0,1,1,1,0,0,1,0,1,0,1,1,0,1,0,0,0,0,1;;3.5;1
6;1,2,4,2,3,4,2,3,4,1,2,3,1,2,3,1,2,4,1,3,4,1,2,4,1,2,3,1,2,3,1,3,4,1,3,4,1,2,4,1,3,4;1,1,1,1,1,0,1,0,1,1,1,0,1,0,1,0,1,0,1,1,1,0,0,0,0,0,0,0,0,1,1,0,1,0,1,0,0,0,1,0,0,1;;3.5;1
7;1,2,3,1,2,3,1,3,4,1,2,3,1,2,4,1,2,4,1,2,4,2,3,4,1,3,4,1,3,4,2,3,4,1,2,3,2,3,4,2,3,4,2,3,4,1,3,4;0,1,0,0,1,1,1,1,0,1,0,1,1,1,0,0,1,0,1,0,0,0,1,1,0,1,1,0,0,0,0,0,0,1,1,1,1,1,0,0,1,0,1,0,0,1,0,0;;4.0;1
8;1,2,4,2,3,4,1,2,3,1,3,4,1,3,4,1,2,4,1,2,3,1,2,4,1,3,4,1,2,3,1,3,4,1,3,4,2,3,4,2,3,4,1,2,4,1,2,4;1,0,1,1,1,0,1,0,1,1,1,0,0,0,0,1,1,0,1,1,0,1,0,0,1,1,1,0,0,0,1,0,0,0,1,0,0,1,0,1,0,0,0,0,1,0,1,1;;4.0;0
9;2,3,4,1,2,3,2,3,4,1,2,3,1,2,3,1,2,3,1,2,4,1,3,4,1,3,4,1,2,4,1,2,3,2,3,4,1,3,4,1,3,4,1,3,4,1,2,4;1,0,1,0,1,1,0,1,0,1,0,1,0,1,0,1,0,0,1,0,0,1,1,1,0,1,1,0,0,0,0,0,0,0,0,1,0,1,0,1,1,0,1,0,1,0,1,1;;4.0;1
10;1,2,4,1,2,4,1,2,4,1,3,4,1,2,3,1,2,3,1,2,3,1,3,4,2,3,4,1,2,4,1,2,3,1,3,4,1,3,4,2,3,4,2,3,4,1,3,4,1,3,4,2,3,4;1,1,1,1,0,1,1,1,0,0,0,1,1,0,1,0,1,0,1,0,0,1,1,1,1,1,1,0,0,0,0,0,0,1,0,0,0,0,0,1,1,0,0,1,1,0,1,0,1,1,0,1,0,0;;4.5;0
11;1,2,3,1,2,4,1,3,4,1,2,4,2,3,4,1,2,3,1,2,3,1,3,4,2,3,4,2,3,4,1,2,4,1,2,3,2,3,4,1,3,4,2,3,4,1,2,4,1,2,4,1,2,4;0,0,1,1,0,1,0,0,1,1,1,0,1,0,1,0,1,0,1,1,0,1,0,0,0,1,1,1,1,1,0,0,0,0,0,0,0,0,0,0,1,0,0,1,0,1,1,1,0,0,1,0,1,1;;4.5;0
12;1,2,4,1,3,4,2,3,4,1,2,3,2,3,4,1,2,3,1,2,4,1,2,4,2,3,4,2,3,4,1,2,3,1,3,4,2,3,4,1,3,4,2,3,4,1,2,3,1,2,4,1,3,4;1,1,1,0,1,0,1,0,1,0,1,1,1,0,0,0,1,0,0,1,0,1,0,0,0,1,1,1,1,1,0,0,1,1,0,0,0,0,0,1,0,1,1,1,0,1,0,1,0,0,1,0,0,1;;4.5;0
13;1,2,4,1,2,4,1,2,4,2,3,4,2,3,4,1,2,4,1,2,3,1,2,3,1,2,3,1,2,4,1,3,4,2,3,4,1,2,3,1,3,4,1,2,3,2,3,4,2,3,4,1,3,4,1,2,4,1,2,4;1,1,1,1,0,1,1,1,0,1,0,1,0,0,0,0,1,0,1,0,1,0,1,0,1,1,0,1,0,0,1,1,1,1,1,1,0,0,0,1,0,0,1,1,1,0,0,1,0,1,0,1,0,1,0,0,1,0,1,1;;5.0;0
14;1,2,4,1,2,4,2,3,4,1,2,3,1,3,4,1,2,3,1,2,4,1,2,3,1,2,4,1,3,4,2,3,4,1,2,4,1,2,3,1,2,3,1,2,3,2,3,4,2,3,4,2,3,4,1,3,4,1,3,4;1,1,1,1,0,1,1,0,1,1,1,0,0,0,0,0,1,0,0,1,0,1,0,0,1,0,0,1,1,1,1,1,1,0,0,0,0,0,0,0,0,1,1,1,1,0,1,0,0,1,1,1,1,0,1,1,0,1,0,0;;5.0;0
15;2,3,4,1,3,4,1,2,3,2,3,4,1,2,3,1,2,4,1,2,3,1,2,3,1,2,4,2,3,4,1,3,4,1,2,4,1,2,3,2,3,4,1,3,4,1,3,4,2,3,4,2,3,4,1,2,4,1,2,4;1,0,1,0,0,1,0,1,1,0,0,1,1,0,1,1,1,0,1,1,0,1,0,0,1,0,0,0,1,1,0,1,1,0,0,0,0,0,0,0,0,0,1,0,1,1,1,1,0,1,0,1,0,0,0,0,1,0,1,1;;5.0;0
16;1,3,4,1,2,3,1,3,4,2,3,4,1,2,3,2,3,4,1,3,4,1,3,4,1,2,4,1,2,4,2,3,4,1,2,4,1,2,3,1,2,3,1,3,4,1,2,4,1,2,3,1,3,4,1,2,4,1,3,4,2,3,4,1,2,4;0,0,1,1,0,0,1,1,1,1,1,0,0,1,1,0,0,0,1,0,1,1,1,0,0,0,1,1,0,1,1,0,1,0,1,0,1,1,0,0,0,0,0,1,0,1,1,1,0,1,0,0,1,1,0,0,0,1,0,0,0,1,0,0,1,1;;5.5;0
17;1,3,4,1,3,4,1,2,3,2,3,4,1,2,3,1,3,4,1,3,4,1,2,4,1,2,4,1,2,3,1,2,4,2,3,4,1,2,3,1,3,4,1,2,4,2,3,4,1,2,3,1,2,4,1,3,4,1,2,4,2,3,4,2,3,4;0,0,1,1,1,1,0,0,1,1,1,0,0,1,1,1,0,1,1,1,0,0,0,1,1,0,1,1,1,0,0,1,0,0,1,1,0,0,0,0,1,0,1,1,1,1,0,0,0,1,0,1,0,0,0,1,1,0,0,0,0,0,1,0,1,0;;5.5;0
18;1,2,4,1,3,4,1,3,4,1,2,3,2,3,4,1,2,3,1,3,4,2,3,4,2,3,4,1,3,4,1,2,4,1,2,4,1,2,3,1,2,3,2,3,4,1,3,4,1,2,4,2,3,4,1,2,3,1,2,4,1,3,4,2,3,4;1,1,0,0,0,1,1,1,1,0,0,1,1,1,0,0,1,1,0,0,0,1,1,1,0,0,0,1,1,0,0,0,1,1,0,1,1,0,1,1,1,0,0,1,1,0,1,0,1,1,1,1,0,0,0,1,0,0,0,0,1,0,0,0,0,1;;5.5;0
